-3.141593  -3.141593  -3.141593  
-3.141593  -3.141593  -2.513274  
-3.141593  -3.141593  -1.884956  
-3.141593  -3.141593  -1.256637  
-3.141593  -3.141593  -0.628319  
-3.141593  -3.141593  0.000000  
-3.141593  -3.141593  0.628319  
-3.141593  -3.141593  1.256637  
-3.141593  -3.141593  1.884956  
-3.141593  -3.141593  2.513274  
-3.141593  -2.513274  -3.141593  
-3.141593  -2.513274  -2.513274  
-3.141593  -2.513274  -1.884956  
-3.141593  -2.513274  -1.256637  
-3.141593  -2.513274  -0.628319  
-3.141593  -2.513274  0.000000  
-3.141593  -2.513274  0.628319  
-3.141593  -2.513274  1.256637  
-3.141593  -2.513274  1.884956  
-3.141593  -2.513274  2.513274  
-3.141593  -1.884956  -3.141593  
-3.141593  -1.884956  -2.513274  
-3.141593  -1.884956  -1.884956  
-3.141593  -1.884956  -1.256637  
-3.141593  -1.884956  -0.628319  
-3.141593  -1.884956  0.000000  
-3.141593  -1.884956  0.628319  
-3.141593  -1.884956  1.256637  
-3.141593  -1.884956  1.884956  
-3.141593  -1.884956  2.513274  
-3.141593  -1.256637  -3.141593  
-3.141593  -1.256637  -2.513274  
-3.141593  -1.256637  -1.884956  
-3.141593  -1.256637  -1.256637  
-3.141593  -1.256637  -0.628319  
-3.141593  -1.256637  0.000000  
-3.141593  -1.256637  0.628319  
-3.141593  -1.256637  1.256637  
-3.141593  -1.256637  1.884956  
-3.141593  -1.256637  2.513274  
-3.141593  -0.628319  -3.141593  
-3.141593  -0.628319  -2.513274  
-3.141593  -0.628319  -1.884956  
-3.141593  -0.628319  -1.256637  
-3.141593  -0.628319  -0.628319  
-3.141593  -0.628319  0.000000  
-3.141593  -0.628319  0.628319  
-3.141593  -0.628319  1.256637  
-3.141593  -0.628319  1.884956  
-3.141593  -0.628319  2.513274  
-3.141593  0.000000  -3.141593  
-3.141593  0.000000  -2.513274  
-3.141593  0.000000  -1.884956  
-3.141593  0.000000  -1.256637  
-3.141593  0.000000  -0.628319  
-3.141593  0.000000  0.000000  
-3.141593  0.000000  0.628319  
-3.141593  0.000000  1.256637  
-3.141593  0.000000  1.884956  
-3.141593  0.000000  2.513274  
-3.141593  0.628319  -3.141593  
-3.141593  0.628319  -2.513274  
-3.141593  0.628319  -1.884956  
-3.141593  0.628319  -1.256637  
-3.141593  0.628319  -0.628319  
-3.141593  0.628319  0.000000  
-3.141593  0.628319  0.628319  
-3.141593  0.628319  1.256637  
-3.141593  0.628319  1.884956  
-3.141593  0.628319  2.513274  
-3.141593  1.256637  -3.141593  
-3.141593  1.256637  -2.513274  
-3.141593  1.256637  -1.884956  
-3.141593  1.256637  -1.256637  
-3.141593  1.256637  -0.628319  
-3.141593  1.256637  0.000000  
-3.141593  1.256637  0.628319  
-3.141593  1.256637  1.256637  
-3.141593  1.256637  1.884956  
-3.141593  1.256637  2.513274  
-3.141593  1.884956  -3.141593  
-3.141593  1.884956  -2.513274  
-3.141593  1.884956  -1.884956  
-3.141593  1.884956  -1.256637  
-3.141593  1.884956  -0.628319  
-3.141593  1.884956  0.000000  
-3.141593  1.884956  0.628319  
-3.141593  1.884956  1.256637  
-3.141593  1.884956  1.884956  
-3.141593  1.884956  2.513274  
-3.141593  2.513274  -3.141593  
-3.141593  2.513274  -2.513274  
-3.141593  2.513274  -1.884956  
-3.141593  2.513274  -1.256637  
-3.141593  2.513274  -0.628319  
-3.141593  2.513274  0.000000  
-3.141593  2.513274  0.628319  
-3.141593  2.513274  1.256637  
-3.141593  2.513274  1.884956  
-3.141593  2.513274  2.513274  
-2.513274  -3.141593  -3.141593  
-2.513274  -3.141593  -2.513274  
-2.513274  -3.141593  -1.884956  
-2.513274  -3.141593  -1.256637  
-2.513274  -3.141593  -0.628319  
-2.513274  -3.141593  0.000000  
-2.513274  -3.141593  0.628319  
-2.513274  -3.141593  1.256637  
-2.513274  -3.141593  1.884956  
-2.513274  -3.141593  2.513274  
-2.513274  -2.513274  -3.141593  
-2.513274  -2.513274  -2.513274  
-2.513274  -2.513274  -1.884956  
-2.513274  -2.513274  -1.256637  
-2.513274  -2.513274  -0.628319  
-2.513274  -2.513274  0.000000  
-2.513274  -2.513274  0.628319  
-2.513274  -2.513274  1.256637  
-2.513274  -2.513274  1.884956  
-2.513274  -2.513274  2.513274  
-2.513274  -1.884956  -3.141593  
-2.513274  -1.884956  -2.513274  
-2.513274  -1.884956  -1.884956  
-2.513274  -1.884956  -1.256637  
-2.513274  -1.884956  -0.628319  
-2.513274  -1.884956  0.000000  
-2.513274  -1.884956  0.628319  
-2.513274  -1.884956  1.256637  
-2.513274  -1.884956  1.884956  
-2.513274  -1.884956  2.513274  
-2.513274  -1.256637  -3.141593  
-2.513274  -1.256637  -2.513274  
-2.513274  -1.256637  -1.884956  
-2.513274  -1.256637  -1.256637  
-2.513274  -1.256637  -0.628319  
-2.513274  -1.256637  0.000000  
-2.513274  -1.256637  0.628319  
-2.513274  -1.256637  1.256637  
-2.513274  -1.256637  1.884956  
-2.513274  -1.256637  2.513274  
-2.513274  -0.628319  -3.141593  
-2.513274  -0.628319  -2.513274  
-2.513274  -0.628319  -1.884956  
-2.513274  -0.628319  -1.256637  
-2.513274  -0.628319  -0.628319  
-2.513274  -0.628319  0.000000  
-2.513274  -0.628319  0.628319  
-2.513274  -0.628319  1.256637  
-2.513274  -0.628319  1.884956  
-2.513274  -0.628319  2.513274  
-2.513274  0.000000  -3.141593  
-2.513274  0.000000  -2.513274  
-2.513274  0.000000  -1.884956  
-2.513274  0.000000  -1.256637  
-2.513274  0.000000  -0.628319  
-2.513274  0.000000  0.000000  
-2.513274  0.000000  0.628319  
-2.513274  0.000000  1.256637  
-2.513274  0.000000  1.884956  
-2.513274  0.000000  2.513274  
-2.513274  0.628319  -3.141593  
-2.513274  0.628319  -2.513274  
-2.513274  0.628319  -1.884956  
-2.513274  0.628319  -1.256637  
-2.513274  0.628319  -0.628319  
-2.513274  0.628319  0.000000  
-2.513274  0.628319  0.628319  
-2.513274  0.628319  1.256637  
-2.513274  0.628319  1.884956  
-2.513274  0.628319  2.513274  
-2.513274  1.256637  -3.141593  
-2.513274  1.256637  -2.513274  
-2.513274  1.256637  -1.884956  
-2.513274  1.256637  -1.256637  
-2.513274  1.256637  -0.628319  
-2.513274  1.256637  0.000000  
-2.513274  1.256637  0.628319  
-2.513274  1.256637  1.256637  
-2.513274  1.256637  1.884956  
-2.513274  1.256637  2.513274  
-2.513274  1.884956  -3.141593  
-2.513274  1.884956  -2.513274  
-2.513274  1.884956  -1.884956  
-2.513274  1.884956  -1.256637  
-2.513274  1.884956  -0.628319  
-2.513274  1.884956  0.000000  
-2.513274  1.884956  0.628319  
-2.513274  1.884956  1.256637  
-2.513274  1.884956  1.884956  
-2.513274  1.884956  2.513274  
-2.513274  2.513274  -3.141593  
-2.513274  2.513274  -2.513274  
-2.513274  2.513274  -1.884956  
-2.513274  2.513274  -1.256637  
-2.513274  2.513274  -0.628319  
-2.513274  2.513274  0.000000  
-2.513274  2.513274  0.628319  
-2.513274  2.513274  1.256637  
-2.513274  2.513274  1.884956  
-2.513274  2.513274  2.513274  
-1.884956  -3.141593  -3.141593  
-1.884956  -3.141593  -2.513274  
-1.884956  -3.141593  -1.884956  
-1.884956  -3.141593  -1.256637  
-1.884956  -3.141593  -0.628319  
-1.884956  -3.141593  0.000000  
-1.884956  -3.141593  0.628319  
-1.884956  -3.141593  1.256637  
-1.884956  -3.141593  1.884956  
-1.884956  -3.141593  2.513274  
-1.884956  -2.513274  -3.141593  
-1.884956  -2.513274  -2.513274  
-1.884956  -2.513274  -1.884956  
-1.884956  -2.513274  -1.256637  
-1.884956  -2.513274  -0.628319  
-1.884956  -2.513274  0.000000  
-1.884956  -2.513274  0.628319  
-1.884956  -2.513274  1.256637  
-1.884956  -2.513274  1.884956  
-1.884956  -2.513274  2.513274  
-1.884956  -1.884956  -3.141593  
-1.884956  -1.884956  -2.513274  
-1.884956  -1.884956  -1.884956  
-1.884956  -1.884956  -1.256637  
-1.884956  -1.884956  -0.628319  
-1.884956  -1.884956  0.000000  
-1.884956  -1.884956  0.628319  
-1.884956  -1.884956  1.256637  
-1.884956  -1.884956  1.884956  
-1.884956  -1.884956  2.513274  
-1.884956  -1.256637  -3.141593  
-1.884956  -1.256637  -2.513274  
-1.884956  -1.256637  -1.884956  
-1.884956  -1.256637  -1.256637  
-1.884956  -1.256637  -0.628319  
-1.884956  -1.256637  0.000000  
-1.884956  -1.256637  0.628319  
-1.884956  -1.256637  1.256637  
-1.884956  -1.256637  1.884956  
-1.884956  -1.256637  2.513274  
-1.884956  -0.628319  -3.141593  
-1.884956  -0.628319  -2.513274  
-1.884956  -0.628319  -1.884956  
-1.884956  -0.628319  -1.256637  
-1.884956  -0.628319  -0.628319  
-1.884956  -0.628319  0.000000  
-1.884956  -0.628319  0.628319  
-1.884956  -0.628319  1.256637  
-1.884956  -0.628319  1.884956  
-1.884956  -0.628319  2.513274  
-1.884956  0.000000  -3.141593  
-1.884956  0.000000  -2.513274  
-1.884956  0.000000  -1.884956  
-1.884956  0.000000  -1.256637  
-1.884956  0.000000  -0.628319  
-1.884956  0.000000  0.000000  
-1.884956  0.000000  0.628319  
-1.884956  0.000000  1.256637  
-1.884956  0.000000  1.884956  
-1.884956  0.000000  2.513274  
-1.884956  0.628319  -3.141593  
-1.884956  0.628319  -2.513274  
-1.884956  0.628319  -1.884956  
-1.884956  0.628319  -1.256637  
-1.884956  0.628319  -0.628319  
-1.884956  0.628319  0.000000  
-1.884956  0.628319  0.628319  
-1.884956  0.628319  1.256637  
-1.884956  0.628319  1.884956  
-1.884956  0.628319  2.513274  
-1.884956  1.256637  -3.141593  
-1.884956  1.256637  -2.513274  
-1.884956  1.256637  -1.884956  
-1.884956  1.256637  -1.256637  
-1.884956  1.256637  -0.628319  
-1.884956  1.256637  0.000000  
-1.884956  1.256637  0.628319  
-1.884956  1.256637  1.256637  
-1.884956  1.256637  1.884956  
-1.884956  1.256637  2.513274  
-1.884956  1.884956  -3.141593  
-1.884956  1.884956  -2.513274  
-1.884956  1.884956  -1.884956  
-1.884956  1.884956  -1.256637  
-1.884956  1.884956  -0.628319  
-1.884956  1.884956  0.000000  
-1.884956  1.884956  0.628319  
-1.884956  1.884956  1.256637  
-1.884956  1.884956  1.884956  
-1.884956  1.884956  2.513274  
-1.884956  2.513274  -3.141593  
-1.884956  2.513274  -2.513274  
-1.884956  2.513274  -1.884956  
-1.884956  2.513274  -1.256637  
-1.884956  2.513274  -0.628319  
-1.884956  2.513274  0.000000  
-1.884956  2.513274  0.628319  
-1.884956  2.513274  1.256637  
-1.884956  2.513274  1.884956  
-1.884956  2.513274  2.513274  
-1.256637  -3.141593  -3.141593  
-1.256637  -3.141593  -2.513274  
-1.256637  -3.141593  -1.884956  
-1.256637  -3.141593  -1.256637  
-1.256637  -3.141593  -0.628319  
-1.256637  -3.141593  0.000000  
-1.256637  -3.141593  0.628319  
-1.256637  -3.141593  1.256637  
-1.256637  -3.141593  1.884956  
-1.256637  -3.141593  2.513274  
-1.256637  -2.513274  -3.141593  
-1.256637  -2.513274  -2.513274  
-1.256637  -2.513274  -1.884956  
-1.256637  -2.513274  -1.256637  
-1.256637  -2.513274  -0.628319  
-1.256637  -2.513274  0.000000  
-1.256637  -2.513274  0.628319  
-1.256637  -2.513274  1.256637  
-1.256637  -2.513274  1.884956  
-1.256637  -2.513274  2.513274  
-1.256637  -1.884956  -3.141593  
-1.256637  -1.884956  -2.513274  
-1.256637  -1.884956  -1.884956  
-1.256637  -1.884956  -1.256637  
-1.256637  -1.884956  -0.628319  
-1.256637  -1.884956  0.000000  
-1.256637  -1.884956  0.628319  
-1.256637  -1.884956  1.256637  
-1.256637  -1.884956  1.884956  
-1.256637  -1.884956  2.513274  
-1.256637  -1.256637  -3.141593  
-1.256637  -1.256637  -2.513274  
-1.256637  -1.256637  -1.884956  
-1.256637  -1.256637  -1.256637  
-1.256637  -1.256637  -0.628319  
-1.256637  -1.256637  0.000000  
-1.256637  -1.256637  0.628319  
-1.256637  -1.256637  1.256637  
-1.256637  -1.256637  1.884956  
-1.256637  -1.256637  2.513274  
-1.256637  -0.628319  -3.141593  
-1.256637  -0.628319  -2.513274  
-1.256637  -0.628319  -1.884956  
-1.256637  -0.628319  -1.256637  
-1.256637  -0.628319  -0.628319  
-1.256637  -0.628319  0.000000  
-1.256637  -0.628319  0.628319  
-1.256637  -0.628319  1.256637  
-1.256637  -0.628319  1.884956  
-1.256637  -0.628319  2.513274  
-1.256637  0.000000  -3.141593  
-1.256637  0.000000  -2.513274  
-1.256637  0.000000  -1.884956  
-1.256637  0.000000  -1.256637  
-1.256637  0.000000  -0.628319  
-1.256637  0.000000  0.000000  
-1.256637  0.000000  0.628319  
-1.256637  0.000000  1.256637  
-1.256637  0.000000  1.884956  
-1.256637  0.000000  2.513274  
-1.256637  0.628319  -3.141593  
-1.256637  0.628319  -2.513274  
-1.256637  0.628319  -1.884956  
-1.256637  0.628319  -1.256637  
-1.256637  0.628319  -0.628319  
-1.256637  0.628319  0.000000  
-1.256637  0.628319  0.628319  
-1.256637  0.628319  1.256637  
-1.256637  0.628319  1.884956  
-1.256637  0.628319  2.513274  
-1.256637  1.256637  -3.141593  
-1.256637  1.256637  -2.513274  
-1.256637  1.256637  -1.884956  
-1.256637  1.256637  -1.256637  
-1.256637  1.256637  -0.628319  
-1.256637  1.256637  0.000000  
-1.256637  1.256637  0.628319  
-1.256637  1.256637  1.256637  
-1.256637  1.256637  1.884956  
-1.256637  1.256637  2.513274  
-1.256637  1.884956  -3.141593  
-1.256637  1.884956  -2.513274  
-1.256637  1.884956  -1.884956  
-1.256637  1.884956  -1.256637  
-1.256637  1.884956  -0.628319  
-1.256637  1.884956  0.000000  
-1.256637  1.884956  0.628319  
-1.256637  1.884956  1.256637  
-1.256637  1.884956  1.884956  
-1.256637  1.884956  2.513274  
-1.256637  2.513274  -3.141593  
-1.256637  2.513274  -2.513274  
-1.256637  2.513274  -1.884956  
-1.256637  2.513274  -1.256637  
-1.256637  2.513274  -0.628319  
-1.256637  2.513274  0.000000  
-1.256637  2.513274  0.628319  
-1.256637  2.513274  1.256637  
-1.256637  2.513274  1.884956  
-1.256637  2.513274  2.513274  
-0.628319  -3.141593  -3.141593  
-0.628319  -3.141593  -2.513274  
-0.628319  -3.141593  -1.884956  
-0.628319  -3.141593  -1.256637  
-0.628319  -3.141593  -0.628319  
-0.628319  -3.141593  0.000000  
-0.628319  -3.141593  0.628319  
-0.628319  -3.141593  1.256637  
-0.628319  -3.141593  1.884956  
-0.628319  -3.141593  2.513274  
-0.628319  -2.513274  -3.141593  
-0.628319  -2.513274  -2.513274  
-0.628319  -2.513274  -1.884956  
-0.628319  -2.513274  -1.256637  
-0.628319  -2.513274  -0.628319  
-0.628319  -2.513274  0.000000  
-0.628319  -2.513274  0.628319  
-0.628319  -2.513274  1.256637  
-0.628319  -2.513274  1.884956  
-0.628319  -2.513274  2.513274  
-0.628319  -1.884956  -3.141593  
-0.628319  -1.884956  -2.513274  
-0.628319  -1.884956  -1.884956  
-0.628319  -1.884956  -1.256637  
-0.628319  -1.884956  -0.628319  
-0.628319  -1.884956  0.000000  
-0.628319  -1.884956  0.628319  
-0.628319  -1.884956  1.256637  
-0.628319  -1.884956  1.884956  
-0.628319  -1.884956  2.513274  
-0.628319  -1.256637  -3.141593  
-0.628319  -1.256637  -2.513274  
-0.628319  -1.256637  -1.884956  
-0.628319  -1.256637  -1.256637  
-0.628319  -1.256637  -0.628319  
-0.628319  -1.256637  0.000000  
-0.628319  -1.256637  0.628319  
-0.628319  -1.256637  1.256637  
-0.628319  -1.256637  1.884956  
-0.628319  -1.256637  2.513274  
-0.628319  -0.628319  -3.141593  
-0.628319  -0.628319  -2.513274  
-0.628319  -0.628319  -1.884956  
-0.628319  -0.628319  -1.256637  
-0.628319  -0.628319  -0.628319  
-0.628319  -0.628319  0.000000  
-0.628319  -0.628319  0.628319  
-0.628319  -0.628319  1.256637  
-0.628319  -0.628319  1.884956  
-0.628319  -0.628319  2.513274  
-0.628319  0.000000  -3.141593  
-0.628319  0.000000  -2.513274  
-0.628319  0.000000  -1.884956  
-0.628319  0.000000  -1.256637  
-0.628319  0.000000  -0.628319  
-0.628319  0.000000  0.000000  
-0.628319  0.000000  0.628319  
-0.628319  0.000000  1.256637  
-0.628319  0.000000  1.884956  
-0.628319  0.000000  2.513274  
-0.628319  0.628319  -3.141593  
-0.628319  0.628319  -2.513274  
-0.628319  0.628319  -1.884956  
-0.628319  0.628319  -1.256637  
-0.628319  0.628319  -0.628319  
-0.628319  0.628319  0.000000  
-0.628319  0.628319  0.628319  
-0.628319  0.628319  1.256637  
-0.628319  0.628319  1.884956  
-0.628319  0.628319  2.513274  
-0.628319  1.256637  -3.141593  
-0.628319  1.256637  -2.513274  
-0.628319  1.256637  -1.884956  
-0.628319  1.256637  -1.256637  
-0.628319  1.256637  -0.628319  
-0.628319  1.256637  0.000000  
-0.628319  1.256637  0.628319  
-0.628319  1.256637  1.256637  
-0.628319  1.256637  1.884956  
-0.628319  1.256637  2.513274  
-0.628319  1.884956  -3.141593  
-0.628319  1.884956  -2.513274  
-0.628319  1.884956  -1.884956  
-0.628319  1.884956  -1.256637  
-0.628319  1.884956  -0.628319  
-0.628319  1.884956  0.000000  
-0.628319  1.884956  0.628319  
-0.628319  1.884956  1.256637  
-0.628319  1.884956  1.884956  
-0.628319  1.884956  2.513274  
-0.628319  2.513274  -3.141593  
-0.628319  2.513274  -2.513274  
-0.628319  2.513274  -1.884956  
-0.628319  2.513274  -1.256637  
-0.628319  2.513274  -0.628319  
-0.628319  2.513274  0.000000  
-0.628319  2.513274  0.628319  
-0.628319  2.513274  1.256637  
-0.628319  2.513274  1.884956  
-0.628319  2.513274  2.513274  
0.000000  -3.141593  -3.141593  
0.000000  -3.141593  -2.513274  
0.000000  -3.141593  -1.884956  
0.000000  -3.141593  -1.256637  
0.000000  -3.141593  -0.628319  
0.000000  -3.141593  0.000000  
0.000000  -3.141593  0.628319  
0.000000  -3.141593  1.256637  
0.000000  -3.141593  1.884956  
0.000000  -3.141593  2.513274  
0.000000  -2.513274  -3.141593  
0.000000  -2.513274  -2.513274  
0.000000  -2.513274  -1.884956  
0.000000  -2.513274  -1.256637  
0.000000  -2.513274  -0.628319  
0.000000  -2.513274  0.000000  
0.000000  -2.513274  0.628319  
0.000000  -2.513274  1.256637  
0.000000  -2.513274  1.884956  
0.000000  -2.513274  2.513274  
0.000000  -1.884956  -3.141593  
0.000000  -1.884956  -2.513274  
0.000000  -1.884956  -1.884956  
0.000000  -1.884956  -1.256637  
0.000000  -1.884956  -0.628319  
0.000000  -1.884956  0.000000  
0.000000  -1.884956  0.628319  
0.000000  -1.884956  1.256637  
0.000000  -1.884956  1.884956  
0.000000  -1.884956  2.513274  
0.000000  -1.256637  -3.141593  
0.000000  -1.256637  -2.513274  
0.000000  -1.256637  -1.884956  
0.000000  -1.256637  -1.256637  
0.000000  -1.256637  -0.628319  
0.000000  -1.256637  0.000000  
0.000000  -1.256637  0.628319  
0.000000  -1.256637  1.256637  
0.000000  -1.256637  1.884956  
0.000000  -1.256637  2.513274  
0.000000  -0.628319  -3.141593  
0.000000  -0.628319  -2.513274  
0.000000  -0.628319  -1.884956  
0.000000  -0.628319  -1.256637  
0.000000  -0.628319  -0.628319  
0.000000  -0.628319  0.000000  
0.000000  -0.628319  0.628319  
0.000000  -0.628319  1.256637  
0.000000  -0.628319  1.884956  
0.000000  -0.628319  2.513274  
0.000000  0.000000  -3.141593  
0.000000  0.000000  -2.513274  
0.000000  0.000000  -1.884956  
0.000000  0.000000  -1.256637  
0.000000  0.000000  -0.628319  
0.000000  0.000000  0.000000  
0.000000  0.000000  0.628319  
0.000000  0.000000  1.256637  
0.000000  0.000000  1.884956  
0.000000  0.000000  2.513274  
0.000000  0.628319  -3.141593  
0.000000  0.628319  -2.513274  
0.000000  0.628319  -1.884956  
0.000000  0.628319  -1.256637  
0.000000  0.628319  -0.628319  
0.000000  0.628319  0.000000  
0.000000  0.628319  0.628319  
0.000000  0.628319  1.256637  
0.000000  0.628319  1.884956  
0.000000  0.628319  2.513274  
0.000000  1.256637  -3.141593  
0.000000  1.256637  -2.513274  
0.000000  1.256637  -1.884956  
0.000000  1.256637  -1.256637  
0.000000  1.256637  -0.628319  
0.000000  1.256637  0.000000  
0.000000  1.256637  0.628319  
0.000000  1.256637  1.256637  
0.000000  1.256637  1.884956  
0.000000  1.256637  2.513274  
0.000000  1.884956  -3.141593  
0.000000  1.884956  -2.513274  
0.000000  1.884956  -1.884956  
0.000000  1.884956  -1.256637  
0.000000  1.884956  -0.628319  
0.000000  1.884956  0.000000  
0.000000  1.884956  0.628319  
0.000000  1.884956  1.256637  
0.000000  1.884956  1.884956  
0.000000  1.884956  2.513274  
0.000000  2.513274  -3.141593  
0.000000  2.513274  -2.513274  
0.000000  2.513274  -1.884956  
0.000000  2.513274  -1.256637  
0.000000  2.513274  -0.628319  
0.000000  2.513274  0.000000  
0.000000  2.513274  0.628319  
0.000000  2.513274  1.256637  
0.000000  2.513274  1.884956  
0.000000  2.513274  2.513274  
0.628319  -3.141593  -3.141593  
0.628319  -3.141593  -2.513274  
0.628319  -3.141593  -1.884956  
0.628319  -3.141593  -1.256637  
0.628319  -3.141593  -0.628319  
0.628319  -3.141593  0.000000  
0.628319  -3.141593  0.628319  
0.628319  -3.141593  1.256637  
0.628319  -3.141593  1.884956  
0.628319  -3.141593  2.513274  
0.628319  -2.513274  -3.141593  
0.628319  -2.513274  -2.513274  
0.628319  -2.513274  -1.884956  
0.628319  -2.513274  -1.256637  
0.628319  -2.513274  -0.628319  
0.628319  -2.513274  0.000000  
0.628319  -2.513274  0.628319  
0.628319  -2.513274  1.256637  
0.628319  -2.513274  1.884956  
0.628319  -2.513274  2.513274  
0.628319  -1.884956  -3.141593  
0.628319  -1.884956  -2.513274  
0.628319  -1.884956  -1.884956  
0.628319  -1.884956  -1.256637  
0.628319  -1.884956  -0.628319  
0.628319  -1.884956  0.000000  
0.628319  -1.884956  0.628319  
0.628319  -1.884956  1.256637  
0.628319  -1.884956  1.884956  
0.628319  -1.884956  2.513274  
0.628319  -1.256637  -3.141593  
0.628319  -1.256637  -2.513274  
0.628319  -1.256637  -1.884956  
0.628319  -1.256637  -1.256637  
0.628319  -1.256637  -0.628319  
0.628319  -1.256637  0.000000  
0.628319  -1.256637  0.628319  
0.628319  -1.256637  1.256637  
0.628319  -1.256637  1.884956  
0.628319  -1.256637  2.513274  
0.628319  -0.628319  -3.141593  
0.628319  -0.628319  -2.513274  
0.628319  -0.628319  -1.884956  
0.628319  -0.628319  -1.256637  
0.628319  -0.628319  -0.628319  
0.628319  -0.628319  0.000000  
0.628319  -0.628319  0.628319  
0.628319  -0.628319  1.256637  
0.628319  -0.628319  1.884956  
0.628319  -0.628319  2.513274  
0.628319  0.000000  -3.141593  
0.628319  0.000000  -2.513274  
0.628319  0.000000  -1.884956  
0.628319  0.000000  -1.256637  
0.628319  0.000000  -0.628319  
0.628319  0.000000  0.000000  
0.628319  0.000000  0.628319  
0.628319  0.000000  1.256637  
0.628319  0.000000  1.884956  
0.628319  0.000000  2.513274  
0.628319  0.628319  -3.141593  
0.628319  0.628319  -2.513274  
0.628319  0.628319  -1.884956  
0.628319  0.628319  -1.256637  
0.628319  0.628319  -0.628319  
0.628319  0.628319  0.000000  
0.628319  0.628319  0.628319  
0.628319  0.628319  1.256637  
0.628319  0.628319  1.884956  
0.628319  0.628319  2.513274  
0.628319  1.256637  -3.141593  
0.628319  1.256637  -2.513274  
0.628319  1.256637  -1.884956  
0.628319  1.256637  -1.256637  
0.628319  1.256637  -0.628319  
0.628319  1.256637  0.000000  
0.628319  1.256637  0.628319  
0.628319  1.256637  1.256637  
0.628319  1.256637  1.884956  
0.628319  1.256637  2.513274  
0.628319  1.884956  -3.141593  
0.628319  1.884956  -2.513274  
0.628319  1.884956  -1.884956  
0.628319  1.884956  -1.256637  
0.628319  1.884956  -0.628319  
0.628319  1.884956  0.000000  
0.628319  1.884956  0.628319  
0.628319  1.884956  1.256637  
0.628319  1.884956  1.884956  
0.628319  1.884956  2.513274  
0.628319  2.513274  -3.141593  
0.628319  2.513274  -2.513274  
0.628319  2.513274  -1.884956  
0.628319  2.513274  -1.256637  
0.628319  2.513274  -0.628319  
0.628319  2.513274  0.000000  
0.628319  2.513274  0.628319  
0.628319  2.513274  1.256637  
0.628319  2.513274  1.884956  
0.628319  2.513274  2.513274  
1.256637  -3.141593  -3.141593  
1.256637  -3.141593  -2.513274  
1.256637  -3.141593  -1.884956  
1.256637  -3.141593  -1.256637  
1.256637  -3.141593  -0.628319  
1.256637  -3.141593  0.000000  
1.256637  -3.141593  0.628319  
1.256637  -3.141593  1.256637  
1.256637  -3.141593  1.884956  
1.256637  -3.141593  2.513274  
1.256637  -2.513274  -3.141593  
1.256637  -2.513274  -2.513274  
1.256637  -2.513274  -1.884956  
1.256637  -2.513274  -1.256637  
1.256637  -2.513274  -0.628319  
1.256637  -2.513274  0.000000  
1.256637  -2.513274  0.628319  
1.256637  -2.513274  1.256637  
1.256637  -2.513274  1.884956  
1.256637  -2.513274  2.513274  
1.256637  -1.884956  -3.141593  
1.256637  -1.884956  -2.513274  
1.256637  -1.884956  -1.884956  
1.256637  -1.884956  -1.256637  
1.256637  -1.884956  -0.628319  
1.256637  -1.884956  0.000000  
1.256637  -1.884956  0.628319  
1.256637  -1.884956  1.256637  
1.256637  -1.884956  1.884956  
1.256637  -1.884956  2.513274  
1.256637  -1.256637  -3.141593  
1.256637  -1.256637  -2.513274  
1.256637  -1.256637  -1.884956  
1.256637  -1.256637  -1.256637  
1.256637  -1.256637  -0.628319  
1.256637  -1.256637  0.000000  
1.256637  -1.256637  0.628319  
1.256637  -1.256637  1.256637  
1.256637  -1.256637  1.884956  
1.256637  -1.256637  2.513274  
1.256637  -0.628319  -3.141593  
1.256637  -0.628319  -2.513274  
1.256637  -0.628319  -1.884956  
1.256637  -0.628319  -1.256637  
1.256637  -0.628319  -0.628319  
1.256637  -0.628319  0.000000  
1.256637  -0.628319  0.628319  
1.256637  -0.628319  1.256637  
1.256637  -0.628319  1.884956  
1.256637  -0.628319  2.513274  
1.256637  0.000000  -3.141593  
1.256637  0.000000  -2.513274  
1.256637  0.000000  -1.884956  
1.256637  0.000000  -1.256637  
1.256637  0.000000  -0.628319  
1.256637  0.000000  0.000000  
1.256637  0.000000  0.628319  
1.256637  0.000000  1.256637  
1.256637  0.000000  1.884956  
1.256637  0.000000  2.513274  
1.256637  0.628319  -3.141593  
1.256637  0.628319  -2.513274  
1.256637  0.628319  -1.884956  
1.256637  0.628319  -1.256637  
1.256637  0.628319  -0.628319  
1.256637  0.628319  0.000000  
1.256637  0.628319  0.628319  
1.256637  0.628319  1.256637  
1.256637  0.628319  1.884956  
1.256637  0.628319  2.513274  
1.256637  1.256637  -3.141593  
1.256637  1.256637  -2.513274  
1.256637  1.256637  -1.884956  
1.256637  1.256637  -1.256637  
1.256637  1.256637  -0.628319  
1.256637  1.256637  0.000000  
1.256637  1.256637  0.628319  
1.256637  1.256637  1.256637  
1.256637  1.256637  1.884956  
1.256637  1.256637  2.513274  
1.256637  1.884956  -3.141593  
1.256637  1.884956  -2.513274  
1.256637  1.884956  -1.884956  
1.256637  1.884956  -1.256637  
1.256637  1.884956  -0.628319  
1.256637  1.884956  0.000000  
1.256637  1.884956  0.628319  
1.256637  1.884956  1.256637  
1.256637  1.884956  1.884956  
1.256637  1.884956  2.513274  
1.256637  2.513274  -3.141593  
1.256637  2.513274  -2.513274  
1.256637  2.513274  -1.884956  
1.256637  2.513274  -1.256637  
1.256637  2.513274  -0.628319  
1.256637  2.513274  0.000000  
1.256637  2.513274  0.628319  
1.256637  2.513274  1.256637  
1.256637  2.513274  1.884956  
1.256637  2.513274  2.513274  
1.884956  -3.141593  -3.141593  
1.884956  -3.141593  -2.513274  
1.884956  -3.141593  -1.884956  
1.884956  -3.141593  -1.256637  
1.884956  -3.141593  -0.628319  
1.884956  -3.141593  0.000000  
1.884956  -3.141593  0.628319  
1.884956  -3.141593  1.256637  
1.884956  -3.141593  1.884956  
1.884956  -3.141593  2.513274  
1.884956  -2.513274  -3.141593  
1.884956  -2.513274  -2.513274  
1.884956  -2.513274  -1.884956  
1.884956  -2.513274  -1.256637  
1.884956  -2.513274  -0.628319  
1.884956  -2.513274  0.000000  
1.884956  -2.513274  0.628319  
1.884956  -2.513274  1.256637  
1.884956  -2.513274  1.884956  
1.884956  -2.513274  2.513274  
1.884956  -1.884956  -3.141593  
1.884956  -1.884956  -2.513274  
1.884956  -1.884956  -1.884956  
1.884956  -1.884956  -1.256637  
1.884956  -1.884956  -0.628319  
1.884956  -1.884956  0.000000  
1.884956  -1.884956  0.628319  
1.884956  -1.884956  1.256637  
1.884956  -1.884956  1.884956  
1.884956  -1.884956  2.513274  
1.884956  -1.256637  -3.141593  
1.884956  -1.256637  -2.513274  
1.884956  -1.256637  -1.884956  
1.884956  -1.256637  -1.256637  
1.884956  -1.256637  -0.628319  
1.884956  -1.256637  0.000000  
1.884956  -1.256637  0.628319  
1.884956  -1.256637  1.256637  
1.884956  -1.256637  1.884956  
1.884956  -1.256637  2.513274  
1.884956  -0.628319  -3.141593  
1.884956  -0.628319  -2.513274  
1.884956  -0.628319  -1.884956  
1.884956  -0.628319  -1.256637  
1.884956  -0.628319  -0.628319  
1.884956  -0.628319  0.000000  
1.884956  -0.628319  0.628319  
1.884956  -0.628319  1.256637  
1.884956  -0.628319  1.884956  
1.884956  -0.628319  2.513274  
1.884956  0.000000  -3.141593  
1.884956  0.000000  -2.513274  
1.884956  0.000000  -1.884956  
1.884956  0.000000  -1.256637  
1.884956  0.000000  -0.628319  
1.884956  0.000000  0.000000  
1.884956  0.000000  0.628319  
1.884956  0.000000  1.256637  
1.884956  0.000000  1.884956  
1.884956  0.000000  2.513274  
1.884956  0.628319  -3.141593  
1.884956  0.628319  -2.513274  
1.884956  0.628319  -1.884956  
1.884956  0.628319  -1.256637  
1.884956  0.628319  -0.628319  
1.884956  0.628319  0.000000  
1.884956  0.628319  0.628319  
1.884956  0.628319  1.256637  
1.884956  0.628319  1.884956  
1.884956  0.628319  2.513274  
1.884956  1.256637  -3.141593  
1.884956  1.256637  -2.513274  
1.884956  1.256637  -1.884956  
1.884956  1.256637  -1.256637  
1.884956  1.256637  -0.628319  
1.884956  1.256637  0.000000  
1.884956  1.256637  0.628319  
1.884956  1.256637  1.256637  
1.884956  1.256637  1.884956  
1.884956  1.256637  2.513274  
1.884956  1.884956  -3.141593  
1.884956  1.884956  -2.513274  
1.884956  1.884956  -1.884956  
1.884956  1.884956  -1.256637  
1.884956  1.884956  -0.628319  
1.884956  1.884956  0.000000  
1.884956  1.884956  0.628319  
1.884956  1.884956  1.256637  
1.884956  1.884956  1.884956  
1.884956  1.884956  2.513274  
1.884956  2.513274  -3.141593  
1.884956  2.513274  -2.513274  
1.884956  2.513274  -1.884956  
1.884956  2.513274  -1.256637  
1.884956  2.513274  -0.628319  
1.884956  2.513274  0.000000  
1.884956  2.513274  0.628319  
1.884956  2.513274  1.256637  
1.884956  2.513274  1.884956  
1.884956  2.513274  2.513274  
2.513274  -3.141593  -3.141593  
2.513274  -3.141593  -2.513274  
2.513274  -3.141593  -1.884956  
2.513274  -3.141593  -1.256637  
2.513274  -3.141593  -0.628319  
2.513274  -3.141593  0.000000  
2.513274  -3.141593  0.628319  
2.513274  -3.141593  1.256637  
2.513274  -3.141593  1.884956  
2.513274  -3.141593  2.513274  
2.513274  -2.513274  -3.141593  
2.513274  -2.513274  -2.513274  
2.513274  -2.513274  -1.884956  
2.513274  -2.513274  -1.256637  
2.513274  -2.513274  -0.628319  
2.513274  -2.513274  0.000000  
2.513274  -2.513274  0.628319  
2.513274  -2.513274  1.256637  
2.513274  -2.513274  1.884956  
2.513274  -2.513274  2.513274  
2.513274  -1.884956  -3.141593  
2.513274  -1.884956  -2.513274  
2.513274  -1.884956  -1.884956  
2.513274  -1.884956  -1.256637  
2.513274  -1.884956  -0.628319  
2.513274  -1.884956  0.000000  
2.513274  -1.884956  0.628319  
2.513274  -1.884956  1.256637  
2.513274  -1.884956  1.884956  
2.513274  -1.884956  2.513274  
2.513274  -1.256637  -3.141593  
2.513274  -1.256637  -2.513274  
2.513274  -1.256637  -1.884956  
2.513274  -1.256637  -1.256637  
2.513274  -1.256637  -0.628319  
2.513274  -1.256637  0.000000  
2.513274  -1.256637  0.628319  
2.513274  -1.256637  1.256637  
2.513274  -1.256637  1.884956  
2.513274  -1.256637  2.513274  
2.513274  -0.628319  -3.141593  
2.513274  -0.628319  -2.513274  
2.513274  -0.628319  -1.884956  
2.513274  -0.628319  -1.256637  
2.513274  -0.628319  -0.628319  
2.513274  -0.628319  0.000000  
2.513274  -0.628319  0.628319  
2.513274  -0.628319  1.256637  
2.513274  -0.628319  1.884956  
2.513274  -0.628319  2.513274  
2.513274  0.000000  -3.141593  
2.513274  0.000000  -2.513274  
2.513274  0.000000  -1.884956  
2.513274  0.000000  -1.256637  
2.513274  0.000000  -0.628319  
2.513274  0.000000  0.000000  
2.513274  0.000000  0.628319  
2.513274  0.000000  1.256637  
2.513274  0.000000  1.884956  
2.513274  0.000000  2.513274  
2.513274  0.628319  -3.141593  
2.513274  0.628319  -2.513274  
2.513274  0.628319  -1.884956  
2.513274  0.628319  -1.256637  
2.513274  0.628319  -0.628319  
2.513274  0.628319  0.000000  
2.513274  0.628319  0.628319  
2.513274  0.628319  1.256637  
2.513274  0.628319  1.884956  
2.513274  0.628319  2.513274  
2.513274  1.256637  -3.141593  
2.513274  1.256637  -2.513274  
2.513274  1.256637  -1.884956  
2.513274  1.256637  -1.256637  
2.513274  1.256637  -0.628319  
2.513274  1.256637  0.000000  
2.513274  1.256637  0.628319  
2.513274  1.256637  1.256637  
2.513274  1.256637  1.884956  
2.513274  1.256637  2.513274  
2.513274  1.884956  -3.141593  
2.513274  1.884956  -2.513274  
2.513274  1.884956  -1.884956  
2.513274  1.884956  -1.256637  
2.513274  1.884956  -0.628319  
2.513274  1.884956  0.000000  
2.513274  1.884956  0.628319  
2.513274  1.884956  1.256637  
2.513274  1.884956  1.884956  
2.513274  1.884956  2.513274  
2.513274  2.513274  -3.141593  
2.513274  2.513274  -2.513274  
2.513274  2.513274  -1.884956  
2.513274  2.513274  -1.256637  
2.513274  2.513274  -0.628319  
2.513274  2.513274  0.000000  
2.513274  2.513274  0.628319  
2.513274  2.513274  1.256637  
2.513274  2.513274  1.884956  
2.513274  2.513274  2.513274  

 Links ---------

link1
------ (x1, y1) = 0.10, 0.20
------ (x1, y1) = -0.50, 0.30
------ (x1, y1) = -1.10, 0.20
------ (x1, y1) = -1.10, -0.10
------ (x1, y1) = -0.50, -0.30
------ (x1, y1) = 0.10, -0.10
link2
------ (x1, y1) = -0.10, -0.10
------ (x1, y1) = 0.50, -0.20
------ (x1, y1) = 1.70, -0.10
------ (x1, y1) = 1.70, 0.05
------ (x1, y1) = 0.50, 0.20
------ (x1, y1) = -0.10, 0.05
link3
------ (x1, y1) = 1.10, 0.10
------ (x1, y1) = 0.50, 0.20
------ (x1, y1) = -0.70, 0.10
------ (x1, y1) = -0.70, -0.05
------ (x1, y1) = 0.50, -0.20
------ (x1, y1) = 1.10, -0.05
base1 : (0.00,0.00), base2 : (1.00,-0.00), base3 : (-0.70,0.00)

 Links ---------

link1
------ (x1, y1) = 0.10, 0.20
------ (x1, y1) = -0.50, 0.30
------ (x1, y1) = -1.10, 0.20
------ (x1, y1) = -1.10, -0.10
------ (x1, y1) = -0.50, -0.30
------ (x1, y1) = 0.10, -0.10
link2
------ (x1, y1) = -0.10, -0.10
------ (x1, y1) = 0.50, -0.20
------ (x1, y1) = 1.70, -0.10
------ (x1, y1) = 1.70, 0.05
------ (x1, y1) = 0.50, 0.20
------ (x1, y1) = -0.10, 0.05
link3
------ (x1, y1) = 1.02, 0.14
------ (x1, y1) = 0.48, -0.13
------ (x1, y1) = -0.43, -0.92
------ (x1, y1) = -0.35, -1.04
------ (x1, y1) = 0.71, -0.46
------ (x1, y1) = 1.11, 0.02
base1 : (0.00,0.00), base2 : (1.00,-0.00), base3 : (-0.38,-1.00)
------Free workspace: -------------

